7.978845608028653502e-02
7.939050949540235602e-02
7.820853879509118145e-02
7.627756309210483032e-02
7.365402806066466412e-02
7.041306535285990487e-02
6.664492057835993966e-02
6.245078667335225708e-02
5.793831055229654858e-02
5.321704997975096330e-02
4.839414490382867168e-02
4.357043540651010793e-02
3.883721099664259879e-02
3.427371840956146970e-02
2.994549312714897549e-02
2.590351913317835014e-02
2.218416693589110936e-02
1.880981547537739079e-02
1.579003166017883125e-02
1.312316295493531904e-02
1.079819330263761222e-02
8.796719196085439271e-03
7.094918569246285063e-03
5.665407548320238081e-03
4.478906058968579532e-03
3.505660098713708067e-03
2.716593846737122911e-03
2.084186962884518237e-03
1.583090316595993667e-03
1.190506483955170672e-03
8.863696823876015271e-04
6.533638112399837300e-04
4.768176402929680995e-04
3.445137878107362565e-04
2.464438336946039648e-04
1.745365390091520199e-04
1.223803860227543744e-04
8.495605411015028422e-05
5.838938515829205283e-05
3.973109427855454358e-05
2.676604515297707488e-05
1.785233143542658691e-05
1.178861355130797166e-05
7.707039348417425541e-06
4.988494258010707235e-06
3.196748221381095515e-06
2.028170413097352089e-06
1.273965035773418062e-06
7.922598182064151033e-07
4.877921491786703928e-07
2.973439029468595991e-07
1.794487032476667583e-07
1.072207068939522959e-07
6.342698433431952119e-08
3.714723689110579617e-08
2.153952008508655281e-08
1.236524100033171525e-08
7.027910189640867750e-09
3.954639281248935194e-09
2.203152724936461597e-09
1.215176569964657217e-09
6.635768487094609600e-10
3.587567815928158723e-10
1.920286674062467206e-10
1.017628056329007826e-10
5.339113229525703707e-11
2.773359988330634295e-11
1.426265624799215274e-11
7.261923003583602014e-12
3.660664434031142584e-12
1.826944081672919132e-12
9.027087354411036082e-13
4.415979926274278689e-13
2.138767574308328018e-13
1.025550727359332588e-13
4.868641066058020217e-14
2.288312980360273799e-14
1.064829674450588641e-14
4.905710571392864574e-15
2.237591242870363403e-15
1.010454216707378507e-15
4.517618806308606696e-16
1.999675749699435772e-16
8.763278871018653214e-17
3.802163075815927268e-17
1.633247126333910224e-17
6.945925497132416680e-18
2.924592715001316478e-18
1.219151625912483609e-18
5.031611553902809446e-19
2.055954714333783401e-19
8.317197958230320378e-20
3.331176064759857718e-20
1.320915972147861877e-20
5.185729402200741852e-21
2.015587078860002274e-21
7.756223863493921730e-22
2.954990985408529875e-22
1.114600004544138336e-22
4.162353640405648978e-23
1.538919725341283870e-23
5.633133088552484876e-24
2.041461118861220049e-24
7.324690337110756822e-25
2.601923239847825829e-25
9.150751181041611095e-26
3.186222265401933334e-26
1.098379566363571416e-26
3.748744804683593034e-27
1.266707564366121128e-27
4.237638507018707516e-28
1.403551988532261774e-28
4.602461417696310337e-29
1.494200455176694323e-29
4.802690800017071581e-30
1.528331082317440925e-30
4.815122263678602333e-31
1.501945754499305571e-31
4.638293554512234821e-32
1.418140533685612258e-32
4.292767471326121215e-33
1.286508066927149960e-33
3.817198269273632759e-34
1.121331385260766465e-34
3.261221469679290452e-35
9.390390715950292177e-36
2.676973598508575900e-36
7.555471442298240332e-37
2.111232700490547964e-37
5.840737587736276478e-38
1.599765551401362534e-38
4.338124800521325543e-39
1.164675119947313870e-39
3.095740932592412255e-40
8.146695355055690780e-41
2.122537627830432404e-41
5.475028384710616745e-42
1.398216449941317798e-42
3.535244820507002478e-43
8.849559166632334851e-44
2.193213118777942586e-44
5.381422471284854907e-45
1.307285355063731571e-45
3.144131917211464320e-46
7.486661159770018917e-47
1.764950994918964953e-47
4.119402044817862010e-48
9.519031506041289295e-49
2.177751910655443146e-49
4.932659051761102049e-50
1.106141909968883182e-50
2.455826334453964327e-51
5.398107288776577246e-52
1.174741813255452281e-52
2.531048093209503564e-53
5.399026049177175819e-54
1.140216978188257478e-54
2.384057025558277935e-55
4.935178103131188213e-56
1.011453860875085318e-56
2.052326145583807297e-57
4.122908859169556201e-58
8.200081071666438113e-59
1.614691700632041086e-59
3.147879759553289964e-60
6.075803397579846181e-61
1.161037761305744952e-61
2.196574980033692827e-62
4.114364606057225076e-63
7.629860072300537937e-64
1.400836426863716483e-64
2.546333799523902395e-65
4.582477047398888692e-66
8.164739202143022881e-67
1.440261630543823234e-67
2.515344765756387457e-68
4.349213268598299627e-69
7.445278431890403029e-70
1.261851471120747961e-70
2.117349682728292195e-71
3.517499085190207885e-72
5.785387505472785924e-73
9.420804006180232203e-74
1.518799827684670695e-74
2.424209589815764070e-75
3.830864983343871225e-76
5.993500996345792046e-77
9.283705882753952751e-78
1.423702407847759238e-78
2.161593974909551075e-79
3.249272073547216351e-80
4.835652565836040665e-81
7.124939108002843865e-82
1.039355884934436528e-82
1.501082137291053418e-83
2.146355668136530889e-84
3.038477169592239277e-85
4.258604616661362283e-86
5.909295649318246442e-87
8.118226653020217301e-88
1.104189672431952762e-88
1.486905077936069493e-89
1.982347847573235561e-90
2.616577109363054508e-91
3.419355591605619959e-92
4.423968760421141035e-93
5.666787030287432702e-94
7.186522441939801186e-95
9.023140839096083858e-96
1.121640652558323021e-96
1.380405884025444415e-97
1.681964857040831288e-98
2.029009536176470224e-99
2.423306315470289462e-100
2.865428626299168936e-101
3.354501045708783561e-102
3.887973741118747210e-103
4.461447325093297847e-104
5.068567933032114528e-105
5.701010339802741674e-106
6.348563105650525646e-107
6.999324173266158121e-108
7.640008308762673878e-109
8.256359762766110282e-110
8.833655158519390423e-111
9.357273634500093173e-112
9.813304457601262547e-113
1.018915740792138740e-113
1.047413881094779023e-114
1.065995653855271080e-115
1.074112073004118610e-116
1.071521321704621827e-117
1.058300720216861058e-118
1.034842892648300767e-119
1.001836397763619131e-120
9.602321571813763079e-122
9.111979648224452843e-123
8.560641129225494735e-124
7.962636619506615764e-125
7.332710810510295470e-126
6.685428883588915196e-127
6.034635515411024523e-128
5.392993173750054934e-129
4.771618920202160578e-130
4.179830671816175959e-131
3.625005587103049909e-132
3.112545632007381958e-133
2.645939010060590935e-134
2.226901391251492164e-135
1.855577932697782352e-136
1.530785947283878637e-137
1.250278576318881652e-138
1.011011667508033135e-139
8.093988830837925444e-141
6.415434704417689552e-142
5.034387410386810308e-143
3.911327950044526113e-144
3.008561442680112022e-145
2.291134549845953327e-146
1.727425628970830675e-147
1.289451994279570686e-148
9.529454764290350142e-150
6.972491325815507051e-151
5.050855775654725574e-152
3.622421708614092648e-153
2.572113348142738761e-154
1.808165812897616534e-155
